001 001 000 
001 001 001 
011 111 111 
 
000 000 000 
000 110 111 
111 111 111 
 
110 111 111 
100 110 111 
100 110 111 
 
001 001 001 
111 011 011 
111 111 111 
 
000 100 111 
000 100 111 
000 111 111 
 
000 100 100 
000 000 100 
000 000 100 
 
000 000 111 
000 110 111 
000 110 111 
 
000 000 001 
000 000 001 
000 001 001 
 
110 111 111 
100 111 111 
000 111 111 
 
001 111 111 
011 111 111 
011 011 111 
 
011 111 111 
001 011 111 
001 011 111 
 
001 111 111 
000 111 111 
000 111 111 
 
111 110 100 
111 111 100 
111 111 100 
 
111 111 111 
111 111 111 
110 110 111 
 
000 110 110 
111 111 111 
111 111 111 
 
111 110 100 
100 100 100 
000 100 100 
 
110 110 100 
100 100 000 
000 000 000 
 
011 001 000 
111 011 000 
111 111 000 
 
110 110 100 
111 111 111 
111 111 111 
 
111 111 011 
111 111 011 
111 111 011 
 
100 110 111 
110 111 111 
111 111 111 
 
111 111 000 
111 110 000 
111 100 000 
 
001 011 111 
001 011 111 
001 011 111 
 
011 001 001 
001 001 001 
001 000 000 
 
111 110 110 
100 100 000 
000 000 000 
 
000 100 100 
100 110 110 
110 110 110 
 
111 110 100 
111 111 110 
111 111 111 
 
000 000 000 
111 100 000 
111 111 100 
 
111 111 111 
110 110 110 
000 100 100 
 
110 111 111 
110 111 111 
111 111 111 
 
100 111 001 
111 111 111 
111 111 111 
 
000 001 001 
000 000 001 
000 000 000 
 
000 001 001 
000 001 011 
001 001 011 
 
111 111 111 
000 001 111 
000 000 000 
 
110 111 111 
111 111 111 
111 111 111 
 
111 111 111 
111 111 111 
000 000 111 
 
000 000 011 
000 011 011 
000 011 011 
 
111 001 000 
000 000 000 
000 000 000 
 
111 011 011 
111 111 111 
111 111 111 
 
110 100 100 
100 100 000 
100 000 000 
 
110 100 000 
110 100 000 
100 000 000 
 
111 111 111 
111 111 111 
000 111 111 
 
000 111 111 
000 000 111 
000 000 011 
 
111 001 000 
111 001 000 
111 001 000 
 
000 111 111 
000 000 001 
000 000 000 
 
111 111 111 
111 111 011 
011 001 000 
 
000 100 100 
000 100 100 
100 100 110 
 
111 111 000 
111 111 001 
111 111 011 
 
100 100 000 
110 110 100 
110 110 110 
 
000 000 001 
000 001 011 
001 111 111 
 
111 111 111 
111 111 000 
111 000 000 
 
001 011 011 
011 011 111 
111 111 111 
 
110 100 100 
110 110 100 
111 111 110 
 
000 000 000 
000 000 000 
011 011 001 
 
111 111 111 
111 111 111 
001 001 000 
 
011 111 111 
000 111 111 
000 011 111 
 
000 000 100 
000 100 111 
000 111 111 
 
000 001 111 
000 000 001 
000 000 001 
 
111 111 111 
111 111 111 
011 011 011 
 
111 011 000 
111 111 011 
111 111 111 
 
011 011 011 
011 011 111 
011 111 111 
 
111 110 100 
111 110 100 
111 110 100 
 
000 000 000 
100 000 000 
000 000 000 
 
011 001 001 
111 111 111 
111 111 111 
 
100 110 110 
100 110 110 
100 110 111 
 
011 011 111 
011 011 111 
111 111 111 
 
000 000 000 
000 000 001 
000 001 011 
 
001 000 000 
000 000 000 
000 000 000 
 
110 110 100 
110 100 100 
110 100 000 
 
000 000 011 
000 001 111 
000 011 111 
 
000 000 011 
000 000 000 
000 000 000 
 
000 100 100 
000 100 100 
000 100 100 
 
111 110 100 
000 000 000 
000 000 000 
 
011 011 001 
011 011 001 
011 001 001 
 
110 111 111 
110 111 111 
100 110 111 
 
000 000 000 
111 111 011 
111 111 111 
 
111 011 001 
011 001 001 
011 001 001 
 
001 001 000 
111 111 111 
111 111 111 
 
000 000 000 
000 000 000 
101 000 000 
 
000 000 000 
011 000 000 
111 011 000 
 
111 111 000 
111 111 000 
111 111 111 
 
000 000 000 
000 000 000 
000 000 000 
 
111 111 111 
000 111 111 
000 000 001 
 
001 011 111 
000 000 001 
000 000 000 
 
001 001 001 
011 011 011 
111 111 111 
 
111 100 000 
100 000 000 
000 000 000 
 
110 110 110 
110 110 111 
111 111 111 
 
110 100 000 
111 111 110 
111 111 111 
 
111 111 111 
111 111 000 
111 010 000 
 
111 111 111 
111 111 011 
111 011 011 
 
101 111 111 
101 111 111 
111 111 111 
 
111 111 110 
111 111 111 
111 111 111 
 
000 110 111 
000 000 111 
000 000 000 
 
011 011 011 
011 011 011 
001 011 011 
 
111 111 011 
111 011 001 
001 000 000 
 
111 111 111 
111 111 111 
111 110 110 
 
111 011 001 
111 111 011 
111 111 111 
 
000 000 100 
000 000 000 
000 100 100 
 
100 100 000 
000 000 000 
000 000 000 
 
111 111 100 
111 111 000 
111 111 000 
 
001 001 011 
000 001 001 
000 000 000 
 
100 100 000 
111 110 100 
111 111 110 
 
111 111 111 
110 110 100 
000 000 000 
 
001 011 111 
001 011 011 
000 001 001 
 
000 000 000 
110 000 000 
111 111 000 
 
111 111 111 
111 111 111 
111 111 111 
 
110 110 100 
000 100 000 
000 000 000 
 
000 100 110 
000 000 110 
000 000 100 
 
111 111 000 
111 111 100 
111 111 100 
 
000 110 111 
000 100 110 
000 000 100 
 
001 111 111 
000 000 001 
000 000 000 
 
110 111 111 
100 111 111 
000 000 111 
 
000 100 110 
000 100 110 
000 100 110 
 
011 011 011 
001 001 011 
000 000 000 
 
111 000 000 
111 001 000 
111 001 000 
 
000 100 111 
000 100 110 
000 100 110 
 
111 111 111 
110 110 110 
100 100 100 
 
000 111 111 
000 000 011 
000 000 000 
 
000 000 111 
000 000 111 
000 000 001 
 
000 000 111 
000 000 011 
000 001 001 
 
000 000 000 
011 000 000 
111 111 001 
 
111 100 000 
111 111 000 
111 111 100 
 
110 110 111 
110 110 111 
110 110 110 
 
000 000 100 
000 110 111 
100 111 111 
 
000 000 000 
000 000 000 
000 100 100 
 
011 011 001 
111 011 001 
111 011 011 
 
000 000 001 
000 000 011 
000 001 011 
 
111 111 111 
111 111 111 
011 111 111 
 
111 111 111 
111 111 111 
111 110 100 
 
000 001 111 
001 111 111 
001 011 111 
 
000 110 111 
000 000 000 
000 000 000 
 
000 000 000 
001 000 000 
011 001 001 
 
111 111 111 
111 011 011 
011 001 001 
 
011 011 011 
011 011 011 
001 001 001 
 
111 111 111 
111 111 110 
111 111 111 
 
000 111 111 
000 111 111 
000 000 111 
 
011 001 000 
011 001 000 
001 000 000 
 
111 111 111 
000 001 011 
000 000 000 
 
011 001 001 
011 001 000 
001 000 000 
 
111 110 100 
111 110 100 
111 110 000 
 
111 111 001 
111 111 001 
111 111 000 
 
000 111 111 
000 111 111 
000 111 111 
 
000 111 111 
000 000 000 
000 000 000 
 
110 100 100 
100 000 000 
000 000 000 
 
111 111 011 
111 111 001 
111 111 000 
 
110 000 000 
110 100 000 
111 100 000 
 
000 000 000 
000 000 000 
110 110 111 
 
111 110 000 
111 110 100 
111 110 100 
 
001 001 000 
001 001 000 
001 000 000 
 
111 111 111 
000 111 111 
000 111 111 
 
111 111 111 
110 110 110 
000 000 100 
 
001 011 011 
001 001 001 
000 000 000 
 
001 001 000 
001 001 001 
011 001 001 
 
001 011 111 
000 000 111 
000 000 100 
 
111 111 111 
000 111 111 
000 000 111 
 
111 111 110 
110 110 100 
100 100 000 
 
111 111 000 
111 000 000 
001 000 000 
 
000 000 000 
000 000 000 
000 000 100 
 
111 111 111 
011 111 111 
001 011 011 
 
111 000 000 
111 011 000 
111 111 001 
 
111 111 111 
011 011 011 
001 001 000 
 
111 000 000 
111 000 000 
111 000 000 
 
111 111 111 
011 011 111 
001 011 111 
 
000 000 000 
001 000 000 
111 010 000 
 
011 001 000 
011 001 000 
011 001 001 
 
000 011 111 
111 111 111 
111 111 111 
 
000 000 000 
111 000 000 
111 111 000 
 
000 000 001 
000 001 001 
000 001 011 
 
000 000 001 
000 001 011 
001 011 011 
 
111 111 111 
111 111 111 
111 011 011 
 
111 111 111 
111 111 111 
111 111 001 
 
000 000 110 
110 111 111 
111 111 111 
 
001 001 011 
001 011 011 
011 011 111 
 
001 001 011 
011 001 011 
011 011 011 
 
000 000 000 
001 001 001 
011 011 011 
 
111 111 111 
111 111 110 
110 110 100 
 
110 110 110 
110 110 100 
100 100 100 
 
111 111 111 
111 111 011 
011 000 000 
 
000 000 000 
000 000 000 
001 001 001 
 
001 001 001 
011 011 111 
011 111 111 
 
011 000 000 
001 000 000 
001 000 000 
 
000 111 111 
000 111 111 
111 111 111 
 
011 011 111 
011 011 011 
001 001 001 
 
100 111 111 
111 111 111 
111 111 111 
 
001 000 000 
111 000 000 
111 111 000 
 
111 001 000 
111 111 001 
111 111 011 
 
111 001 000 
111 011 001 
111 111 011 
 
000 001 011 
001 011 111 
011 111 111 
 
000 111 111 
001 111 111 
111 111 111 
 
111 011 001 
111 011 001 
111 011 001 
 
111 111 111 
111 111 111 
001 001 011 
 
011 001 000 
001 000 000 
001 000 000 
 
000 000 000 
000 000 011 
000 000 011 
 
111 001 000 
111 001 000 
011 001 000 
 
110 100 100 
110 100 000 
100 000 000 
 
111 111 111 
111 111 111 
100 111 111 
 
110 100 100 
100 100 000 
000 000 000 
 
111 111 111 
111 111 110 
100 100 000 
 
111 011 001 
111 001 000 
111 111 000 
 
001 001 000 
011 011 001 
111 111 011 
 
000 100 110 
110 110 110 
111 110 110 
 
000 000 000 
000 000 000 
111 111 011 
 
111 111 111 
111 111 111 
100 000 111 
 
000 000 100 
100 100 100 
110 110 110 
 
111 111 000 
111 000 000 
111 000 000 
 
111 111 000 
111 111 000 
111 111 011 
 
000 100 110 
000 000 000 
000 000 000 
 
000 111 111 
100 111 111 
110 111 111 
 
000 100 111 
000 000 000 
000 000 000 
 
111 000 000 
000 000 000 
000 000 000 
 
000 000 000 
000 000 001 
001 001 001 
 
000 001 011 
000 001 111 
000 001 111 
 
111 000 000 
111 111 000 
111 111 111 
 
011 011 001 
011 011 001 
011 011 001 
 
100 111 111 
100 110 111 
100 110 111 
 
111 001 000 
111 111 000 
111 111 011 
 
000 000 000 
000 000 001 
000 111 111 
 
111 111 111 
110 111 111 
000 100 000 
 
000 000 111 
000 000 111 
000 111 111 
 
000 000 000 
000 000 000 
000 000 110 
 
011 001 001 
011 011 001 
011 011 001 
 
000 000 000 
000 000 001 
000 000 001 
 
001 001 001 
001 001 001 
001 001 001 
 
001 001 000 
011 001 000 
011 001 000 
 
111 000 000 
111 100 000 
111 100 000 
 
111 111 111 
011 111 111 
001 111 111 
 
111 111 111 
001 111 111 
000 000 000 
 
000 000 000 
000 000 100 
100 110 111 
 
011 011 111 
011 011 011 
001 001 011 
 
110 100 100 
100 100 100 
100 000 000 
 
000 001 111 
000 001 111 
001 011 111 
 
000 000 000 
000 000 001 
000 001 111 
 
000 000 000 
111 110 000 
111 111 111 
 
110 100 000 
110 100 000 
111 110 100 
 
011 000 000 
001 000 000 
111 000 000 
 
111 111 111 
000 011 011 
000 000 000 
 
111 111 111 
011 111 111 
000 011 111 
 
000 000 000 
000 000 000 
111 000 000 
 
001 111 111 
000 011 111 
000 000 011 
 
110 000 000 
111 100 000 
111 111 000 
 
000 000 111 
000 000 111 
000 000 110 
 
000 011 011 
001 011 011 
001 011 011 
 
011 011 011 
011 011 011 
011 011 111 
 
111 111 100 
111 110 100 
111 110 000 
 
111 111 000 
000 000 000 
000 000 000 
 
000 000 000 
100 100 000 
110 100 100 
 
011 011 111 
111 111 111 
111 111 111 
 
111 110 000 
111 110 000 
111 111 100 
 
000 000 000 
000 000 001 
000 011 111 
 
111 111 110 
111 111 100 
111 111 100 
 
000 001 111 
000 000 001 
000 000 000 
 
000 111 111 
000 001 111 
000 000 001 
 
000 001 001 
011 011 011 
011 011 011 
 
100 100 110 
110 111 111 
111 111 111 
 
000 001 001 
000 000 000 
000 000 000 
 
110 110 110 
100 100 100 
000 000 000 
 
111 111 011 
111 011 000 
111 000 000 
 
000 000 000 
100 000 000 
110 000 000 
 
001 001 000 
011 011 001 
111 011 011 
 
110 111 111 
000 100 100 
000 000 000 
 
111 111 100 
111 111 111 
111 111 111 
 
000 001 011 
000 000 001 
000 000 000 
 
111 111 100 
110 100 000 
100 000 000 
 
000 000 111 
000 111 111 
111 111 111 
 
011 000 000 
111 000 000 
111 001 000 
 
111 111 111 
111 111 110 
111 111 100 
 
001 000 000 
011 001 000 
111 001 000 
 
111 111 111 
100 111 111 
000 000 000 
 
111 111 111 
110 110 110 
000 000 000 
 
011 111 111 
011 111 111 
111 111 111 
 
000 100 100 
000 000 000 
000 000 000 
 
000 000 000 
000 000 000 
000 000 001 
 
001 111 111 
011 111 111 
111 111 111 
 
110 100 000 
110 100 000 
110 100 000 
 
111 110 100 
111 111 000 
111 111 000 
 
111 011 000 
111 111 000 
111 111 011 
 
111 111 111 
111 011 000 
011 000 000 
 
000 000 111 
000 001 111 
000 000 111 
 
000 011 111 
000 000 111 
000 000 001 
 
000 110 111 
000 100 111 
000 100 111 
 
111 111 111 
111 011 011 
111 011 001 
 
000 100 110 
100 110 110 
111 111 111 
 
100 100 110 
100 100 110 
100 100 110 
 
011 001 000 
111 111 011 
111 111 111 
 
001 111 111 
011 111 111 
011 111 111 
 
000 001 111 
001 111 111 
011 111 111 
 
011 111 111 
011 111 111 
011 111 111 
 
111 111 100 
111 111 100 
111 111 000 
 
000 111 111 
000 011 011 
000 001 011 
 
000 000 000 
001 011 111 
011 111 111 
 
111 100 100 
100 100 000 
000 000 000 
 
110 110 110 
000 100 100 
000 000 000 
 
001 000 000 
001 001 001 
001 001 001 
 
111 111 011 
111 111 011 
111 011 001 
 
001 000 000 
001 001 000 
011 001 000 
 
100 110 111 
100 110 111 
110 110 111 
 
111 111 111 
011 011 001 
001 001 000 
 
100 000 000 
111 100 100 
111 111 110 
 
000 000 000 
000 011 001 
011 111 111 
 
111 001 000 
111 111 111 
111 111 111 
 
000 000 111 
000 000 111 
000 000 000 
 
110 100 000 
110 100 000 
111 110 000 
 
111 011 001 
001 000 000 
000 000 000 
 
100 000 000 
100 000 000 
100 000 000 
 
100 100 100 
100 000 100 
100 000 000 
 
111 111 011 
111 111 011 
011 011 011 
 
001 000 000 
001 000 000 
111 000 000 
 
011 111 011 
011 011 011 
011 011 011 
 
111 111 100 
111 110 100 
111 110 100 
 
111 100 000 
111 111 100 
111 111 111 
 
000 000 011 
000 000 011 
000 001 011 
 
011 011 011 
011 011 011 
111 111 111 
 
111 111 111 
111 111 110 
111 111 110 
 
111 111 110 
110 110 110 
100 100 100 
 
111 111 110 
111 111 110 
111 111 110 
 
111 111 111 
110 110 110 
100 100 000 
 
111 111 000 
111 011 000 
111 000 000 
 
000 000 000 
000 100 110 
100 110 111 
 
000 000 000 
000 000 000 
011 000 000 
 
000 000 000 
000 001 011 
011 111 111 
 
110 000 000 
100 000 000 
000 000 000 
 
110 100 000 
110 000 000 
100 000 000 
 
001 001 000 
001 000 000 
000 000 000 
 
110 110 100 
111 110 110 
111 110 110 
 
111 111 110 
110 100 000 
100 000 000 
 
000 110 111 
000 000 100 
000 000 000 
 
011 001 000 
011 001 000 
011 011 001 
 
111 111 111 
111 111 111 
100 110 011 
 
000 001 001 
001 001 001 
001 001 011 
 
011 000 000 
111 001 000 
111 111 011 
 
000 000 110 
000 100 111 
000 111 111 
 
000 000 000 
000 000 100 
000 110 111 
 
011 111 111 
000 011 111 
000 000 011 
 
111 011 001 
111 111 001 
111 111 001 
 
000 000 100 
000 000 100 
100 100 110 
 
111 000 000 
100 000 000 
000 000 000 
 
100 110 111 
100 111 111 
110 111 111 
 
001 011 011 
011 111 111 
111 111 111 
 
111 111 111 
001 111 111 
000 000 111 
 
000 111 111 
011 111 111 
111 111 111 
 
111 100 000 
111 100 000 
111 100 000 
 
111 100 000 
111 100 000 
110 100 000 
 
001 001 001 
001 001 001 
000 000 001 
 
011 001 000 
011 001 000 
011 001 000 
 
110 110 111 
110 111 111 
110 111 111 
 
000 111 111 
000 011 111 
000 000 111 
 
000 000 000 
001 000 000 
011 011 011 
 
100 000 000 
111 000 000 
111 111 000 
 
000 000 000 
000 000 001 
000 001 001 
 
111 111 011 
111 111 011 
111 111 111 
 
111 011 001 
011 011 001 
111 011 001 
 
111 111 110 
111 110 100 
110 100 000 
 
000 000 000 
100 100 000 
110 110 100 
 
111 111 001 
011 001 000 
000 000 000 
 
110 000 000 
110 100 000 
110 110 100 
 
111 111 111 
111 111 100 
111 110 100 
 
001 001 001 
111 111 111 
111 111 111 
 
111 111 110 
111 110 110 
110 110 000 
 
000 000 111 
000 100 111 
000 100 111 
 
111 111 111 
100 110 111 
000 000 000 
 
110 110 111 
110 111 111 
111 111 111 
 
111 111 110 
110 110 110 
100 100 000 
 
000 000 000 
000 000 001 
011 011 011 
 
111 111 111 
111 111 000 
111 001 000 
 
111 111 111 
111 111 111 
001 111 111 
 
000 000 000 
001 000 000 
001 000 000 
 
000 111 111 
001 111 111 
011 111 111 
 
111 011 001 
111 011 001 
111 011 000 
 
000 011 111 
000 001 111 
000 000 111 
 
000 000 000 
100 100 100 
100 110 110 
 
111 111 111 
110 110 111 
000 100 110 
 
111 001 000 
011 001 000 
011 011 001 
 
000 111 111 
000 111 111 
011 111 111 
 
000 100 110 
000 100 110 
000 000 100 
 
111 100 000 
111 100 000 
111 110 000 
 
000 100 100 
110 110 110 
111 111 111 
 
111 111 110 
111 111 100 
111 111 000 
 
111 111 111 
111 110 110 
100 100 100 
 
000 000 000 
000 000 111 
111 111 111 
 
111 111 111 
111 110 100 
111 110 100 
 
111 111 000 
111 111 111 
111 111 111 
 
110 110 110 
111 111 111 
111 111 111 
 
000 000 000 
001 001 001 
111 011 011 
 
001 001 001 
001 000 000 
001 000 000 
 
000 001 011 
000 001 011 
000 001 111 
 
111 111 110 
111 111 110 
111 111 000 
 
111 111 111 
111 111 111 
001 011 011 
 
000 011 111 
000 001 111 
000 111 111 
 
111 111 111 
110 111 111 
100 111 111 
 
111 011 001 
111 001 000 
011 000 000 
 
111 111 111 
110 111 111 
110 111 111 
 
111 000 000 
111 111 000 
111 111 110 
 
111 111 111 
110 110 110 
110 100 100 
 
111 111 111 
111 111 111 
011 011 111 
 
000 000 000 
100 000 000 
100 000 000 
 
011 011 011 
011 011 011 
001 001 011 
 
111 111 111 
110 111 111 
100 110 110 
 
111 000 000 
111 001 000 
111 000 000 
 
000 001 011 
001 001 011 
001 011 011 
 
000 000 000 
000 000 000 
000 000 111 
 
111 011 011 
011 011 011 
011 011 001 
 
111 111 111 
111 110 110 
110 100 100 
 
000 000 011 
000 011 111 
000 111 111 
 
111 111 111 
111 111 011 
111 111 000 
 
111 110 000 
111 100 000 
111 000 000 
 
001 000 000 
011 001 000 
111 011 000 
 
000 111 111 
000 111 111 
000 011 111 
 
100 111 111 
110 111 111 
111 111 111 
 
011 011 001 
111 011 011 
111 011 011 
 
011 000 000 
001 000 000 
000 000 000 
 
000 000 000 
111 000 000 
111 111 011 
 
000 000 000 
000 000 100 
000 100 110 
 
000 000 000 
001 001 011 
011 011 111 
 
000 000 111 
000 000 100 
000 100 111 
 
000 000 000 
100 100 000 
110 110 110 
 
000 000 011 
000 000 001 
000 000 000 
 
111 111 111 
110 111 111 
000 110 111 
 
000 000 000 
011 001 000 
111 011 000 
 
011 001 001 
111 011 011 
111 111 111 
 
000 100 110 
000 100 110 
000 110 110 
 
000 000 100 
000 000 000 
000 000 000 
 
011 001 001 
011 001 000 
001 001 000 
 
110 100 100 
110 100 100 
111 110 110 
 
000 000 111 
000 000 111 
000 000 111 
 
011 001 001 
001 001 000 
001 000 000 
 
000 111 111 
001 111 111 
001 111 111 
 
000 000 000 
001 000 000 
011 000 000 
 
011 001 000 
001 001 000 
001 000 000 
 
110 100 000 
100 000 000 
100 000 000 
 
000 000 000 
000 000 001 
000 000 111 
 
111 111 100 
111 111 100 
111 110 100 
 
111 111 001 
111 000 000 
000 000 000 
 
111 111 111 
000 111 111 
000 100 100 
 
000 001 011 
000 000 011 
000 000 111 
 
110 111 111 
110 111 111 
100 111 111 
 
100 100 100 
000 000 000 
000 000 000 
 
000 001 011 
000 001 011 
000 001 011 
 
111 111 000 
111 111 000 
111 111 000 
 
000 000 001 
000 001 011 
000 011 111 
 
100 100 000 
100 000 000 
000 000 000 
 
000 100 110 
000 100 110 
100 100 110 
 
111 000 000 
111 000 000 
111 001 000 
 
000 000 000 
001 000 000 
111 011 000 
 
111 111 111 
111 111 111 
001 000 000 
 
110 100 100 
110 100 100 
110 100 100 
 
111 001 000 
111 111 000 
111 111 000 
 
000 000 001 
000 000 001 
000 000 000 
 
000 000 111 
000 001 111 
000 111 111 
 
000 000 000 
111 000 000 
111 110 000 
 
111 111 100 
111 110 000 
111 100 000 
 
001 001 011 
011 011 111 
111 111 111 
 
111 111 111 
111 111 111 
011 011 001 
 
000 000 000 
000 000 000 
100 100 000 
 
110 100 000 
111 111 110 
111 111 110 
 
000 000 000 
000 000 011 
000 001 011 
 
100 110 110 
110 110 110 
110 110 110 
 
111 111 111 
111 111 111 
110 000 000 
 
100 110 111 
100 110 111 
100 110 111 
 
111 111 110 
111 111 110 
111 110 110 
 
111 111 111 
011 111 111 
000 111 111 
 
111 111 111 
111 111 110 
111 110 110 
 
110 110 000 
111 110 100 
111 111 111 
 
000 000 000 
111 000 000 
111 000 000 
 
000 000 000 
000 000 000 
100 000 000 
 
111 111 111 
111 111 111 
100 100 100 
 
000 000 000 
000 000 000 
001 000 000 
 
000 000 001 
000 000 000 
000 000 000 
 
000 011 011 
000 000 011 
000 000 000 
 
000 001 011 
001 011 011 
011 011 111 
 
000 100 100 
000 000 100 
000 000 000 
 
011 000 000 
111 001 000 
111 011 001 
 
001 000 000 
001 001 000 
011 001 001 
 
000 000 001 
000 000 011 
000 000 111 
 
111 111 011 
111 011 000 
001 000 000 
 
111 111 111 
011 111 111 
011 011 011 
 
000 111 111 
000 011 111 
000 001 011 
 
111 011 000 
011 000 000 
001 000 000 
 
001 000 000 
011 001 001 
111 011 011 
 
001 001 011 
001 011 111 
011 111 111 
 
100 100 111 
100 110 111 
100 110 111 
 
111 011 011 
111 111 011 
111 111 111 
 
111 011 000 
011 001 000 
001 000 000 
 
000 000 110 
000 000 000 
000 000 000 
 
111 011 001 
011 001 000 
001 000 000 
 
000 000 000 
000 000 001 
001 001 011 
 
111 111 111 
011 111 111 
001 011 111 
 
011 011 011 
111 111 011 
111 111 111 
 
001 001 001 
001 001 001 
000 001 001 
 
000 000 011 
000 000 111 
100 110 111 
 
000 110 111 
000 000 110 
000 000 000 
 
111 111 111 
111 111 111 
110 110 110 
 
000 000 111 
000 011 111 
001 111 111 
 
001 111 111 
001 111 111 
001 111 111 
 
111 001 000 
111 011 000 
111 111 001 
 
000 110 111 
000 110 111 
000 000 111 
 
111 111 111 
001 011 111 
000 000 001 
 
000 000 000 
111 001 000 
111 111 000 
 
000 000 000 
100 100 100 
110 111 111 
 
000 000 000 
000 000 000 
111 011 001 
 
000 110 111 
000 110 111 
000 111 111 
 
001 000 000 
001 001 000 
001 001 000 
 
011 000 000 
000 000 000 
000 000 000 
 
111 100 000 
111 000 000 
000 000 000 
 
001 000 000 
001 001 001 
011 001 001 
 
110 111 111 
000 110 111 
000 100 110 
 
100 111 111 
000 000 110 
000 000 000 
 
111 110 100 
111 110 000 
110 100 000 
 
001 111 111 
000 000 000 
000 000 000 
 
111 110 100 
110 100 000 
000 000 000 
 
110 100 000 
110 100 000 
100 100 000 
 
000 011 111 
000 000 011 
000 000 000 
 
111 011 001 
011 011 001 
001 011 011 
 
111 111 011 
111 011 001 
111 001 000 
 
001 111 111 
000 111 111 
000 011 111 
 
011 011 011 
111 011 011 
111 011 011 
 
110 110 110 
110 110 110 
100 100 100 
 
001 000 000 
011 000 000 
011 001 000 
 
110 111 111 
110 111 111 
110 111 111 
 
000 100 100 
000 100 100 
000 100 110 
 
110 110 110 
110 110 110 
110 110 110 
 
000 111 111 
110 111 111 
111 111 111 
 
111 011 000 
111 011 000 
111 111 001 
 
100 110 110 
110 110 110 
110 110 100 
 
111 111 111 
111 110 110 
110 100 000 
 
111 000 000 
111 111 000 
111 111 000 
 
000 111 111 
111 111 111 
111 111 111 
 
111 111 111 
111 111 110 
111 110 100 
 
111 111 110 
111 111 110 
111 110 100 
 
111 111 011 
111 011 001 
011 001 000 
 
111 110 100 
110 100 000 
100 000 000 
 
111 011 001 
111 111 111 
111 111 111 
 
000 000 001 
000 001 011 
000 001 111 
 
010 000 000 
111 010 000 
111 111 111 
 
110 100 000 
110 100 100 
110 100 100 
 
000 000 000 
000 000 000 
100 100 100 
 
111 111 011 
111 111 111 
111 111 111 
 
110 100 100 
100 100 100 
100 100 110 
 
000 111 111 
000 100 111 
000 100 111 
 
000 011 111 
000 111 111 
111 111 111 
 
011 000 000 
011 000 000 
001 000 000 
 
110 110 100 
110 110 100 
100 100 000 
 
001 001 001 
011 011 001 
011 011 011 
 
111 111 111 
111 111 111 
111 111 011 
 
001 000 000 
001 000 000 
011 001 001 
 
001 011 011 
001 011 011 
001 011 111 
 
111 011 011 
111 111 011 
111 111 011 
 
100 110 110 
000 100 100 
000 000 000 
 
001 000 000 
001 000 000 
001 000 000 
 
011 111 111 
001 111 111 
000 001 111 
 
011 001 001 
001 001 001 
001 001 001 
 
001 111 111 
001 011 111 
001 011 111 
 
100 110 111 
100 110 110 
100 100 110 
 
110 110 100 
110 110 100 
110 110 100 
 
110 100 000 
111 100 000 
111 100 000 
 
000 000 000 
110 000 000 
111 100 000 
 
000 111 111 
000 110 111 
000 000 110 
 
111 011 011 
011 001 001 
000 000 000 
 
000 000 000 
000 000 100 
000 100 100 
 
110 000 000 
110 100 100 
111 110 110 
 
111 111 110 
111 110 100 
110 100 100 
 
111 111 110 
111 111 100 
111 110 000 
 
110 110 110 
110 110 110 
100 100 110 
 
100 100 000 
100 100 000 
100 100 100 
 
111 111 000 
111 111 110 
111 111 111 
 
000 000 000 
000 001 001 
011 011 011 
 
110 100 000 
100 000 000 
000 000 000 
 
111 111 100 
000 000 000 
000 000 000 
 
001 001 011 
001 001 001 
001 001 001 
 
011 001 001 
111 011 001 
111 111 001 
 
000 000 000 
000 000 100 
100 100 110 
 
000 000 000 
000 000 000 
001 011 001 
 
111 111 111 
000 011 111 
000 000 000 
 
000 000 111 
000 000 110 
000 000 100 
 
000 000 110 
000 000 110 
000 111 111 
 
000 001 011 
000 001 011 
000 011 111 
 
110 100 000 
110 100 000 
100 100 100 
 
000 000 111 
000 000 000 
000 000 000 
 
111 111 111 
100 111 111 
000 110 111 
 
001 011 111 
001 000 011 
000 000 000 
 
000 000 000 
000 000 000 
100 100 110 
 
000 000 000 
110 000 000 
111 110 000 
 
011 011 001 
111 011 011 
111 111 111 
 
111 111 111 
111 111 111 
110 100 000 
 
111 011 011 
111 011 011 
111 011 011 
 
111 111 111 
111 111 111 
110 111 111 
 
000 000 100 
100 100 100 
100 100 100 
 
100 100 110 
000 100 110 
000 100 110 
 
000 000 000 
000 000 100 
000 000 100 
 
111 111 000 
011 000 000 
000 000 000 
 
001 111 111 
111 111 111 
111 111 111 
 
111 011 011 
111 011 001 
111 011 001 
 
100 100 110 
100 110 111 
110 110 111 
 
000 111 111 
000 000 111 
000 000 000 
 
000 000 000 
000 000 100 
000 100 111 
 
011 111 111 
111 111 111 
111 111 111 
 
110 110 111 
110 111 110 
111 110 110 
 
000 000 100 
000 000 110 
000 000 111 
 
000 000 001 
001 001 001 
011 011 011 
 
111 111 111 
110 110 111 
100 100 100 
 
111 000 000 
111 100 000 
111 111 100 
 
000 000 011 
000 111 111 
111 111 111 
 
001 001 011 
000 000 000 
000 000 000 
 
000 000 100 
000 000 100 
000 000 000 
 
000 100 110 
000 100 110 
000 110 111 
 
000 110 111 
100 110 111 
110 111 111 
 
111 111 111 
100 111 111 
100 111 111 
 
000 001 011 
001 001 011 
001 001 001 
 
000 100 100 
100 110 110 
110 110 111 
 
111 111 111 
110 111 111 
000 111 111 
 
000 000 000 
000 000 000 
000 000 011 
 
100 100 100 
111 111 111 
111 111 111 
 
000 111 111 
000 000 100 
000 000 000 
 
111 110 110 
111 111 111 
111 111 111 
 
011 001 001 
011 011 001 
011 011 011 
 
000 000 000 
000 000 000 
110 000 000 
 
100 110 111 
000 100 111 
000 100 110 
 
011 011 011 
001 011 011 
000 000 001 
 
000 000 100 
000 100 100 
000 100 100 
 
000 001 111 
000 000 000 
000 000 000 
 
111 111 111 
111 111 011 
111 111 011 
 
011 111 111 
000 000 110 
000 000 000 
 
001 001 000 
001 001 000 
001 001 001 
 
000 000 000 
000 000 000 
011 001 001 
 
100 000 000 
000 000 000 
000 000 000 
 
011 001 001 
011 011 011 
011 011 011 
 
111 111 111 
001 111 111 
000 100 111 
 
011 011 111 
011 111 111 
111 111 111 
 
111 110 000 
111 110 000 
111 100 000 
 
111 111 000 
111 111 001 
111 111 001 
 
111 111 110 
110 110 100 
110 100 000 
 
000 000 000 
001 001 000 
011 011 001 
 
000 001 111 
000 001 111 
000 001 111 
 
000 000 000 
100 000 000 
111 000 000 
 
000 000 000 
011 001 001 
111 111 011 
 
011 001 000 
011 001 000 
011 000 000 
 
111 110 110 
111 111 110 
111 111 111 
 
111 001 000 
111 111 000 
111 111 001 
 
000 000 001 
000 000 001 
000 000 001 
 
000 000 001 
000 001 001 
001 001 001 
 
000 000 000 
001 000 001 
001 001 001 
 
100 100 110 
100 110 110 
110 110 111 
 
000 000 011 
000 011 111 
011 111 111 
 
110 110 100 
110 100 100 
100 100 100 
 
111 111 111 
000 000 000 
000 000 000 
 
111 011 001 
111 111 001 
111 111 011 
 
111 111 110 
000 000 000 
000 000 000 
 
000 100 110 
100 110 110 
110 110 110 
 
000 000 000 
100 000 000 
111 100 000 
 
000 000 000 
000 000 011 
000 011 111 
 
111 100 000 
110 100 000 
110 000 000 
 
000 000 001 
000 001 001 
001 011 011 
 
011 011 011 
011 011 011 
111 011 011 
 
110 110 100 
110 100 000 
110 000 000 
 
111 111 111 
111 111 000 
110 000 000 
 
111 011 000 
111 011 001 
111 011 011 
 
000 000 111 
000 001 111 
000 001 111 
 
000 000 000 
000 000 110 
000 110 111 
 
100 110 111 
000 110 111 
000 100 111 
 
000 000 000 
100 000 000 
110 100 000 
 
011 000 000 
111 001 000 
111 011 000 
 
000 000 000 
001 001 001 
111 111 011 
 
111 111 111 
111 111 111 
111 111 100 
 
111 100 000 
111 100 000 
111 111 000 
 
111 110 100 
111 000 000 
110 000 000 
 
011 011 011 
111 111 111 
111 111 111 
 
011 001 001 
000 000 000 
000 000 000 
 
001 001 001 
000 000 000 
000 000 000 
 
001 001 000 
000 000 000 
000 000 000 
 
000 000 000 
000 000 110 
000 000 111 
 
111 011 001 
011 001 001 
001 001 000 
 
111 111 011 
011 011 011 
001 011 011 
 
001 011 111 
001 011 111 
011 111 111 
 
111 111 111 
111 011 001 
011 000 000 
 
011 011 011 
011 011 011 
011 011 011 
 
000 000 100 
000 000 100 
000 000 100 
 
111 111 011 
001 011 011 
001 001 001 
 
111 111 111 
111 111 111 
101 111 111 
 
111 111 000 
111 011 000 
011 000 000 
 
000 000 001 
000 001 111 
001 011 111 
 
110 111 111 
111 111 110 
110 110 110 
 
001 000 000 
001 000 000 
011 000 000 
 
111 111 111 
111 111 111 
000 000 000 
 
100 111 111 
000 111 111 
000 110 111 
 
111 111 000 
111 000 000 
111 001 000 
 
011 111 111 
011 111 111 
001 001 111 
 
001 011 111 
011 111 111 
111 111 111 
 
001 001 011 
001 001 011 
001 001 011 
 
100 100 000 
100 100 100 
110 110 110 
 
000 000 001 
000 001 011 
001 011 111 
 
111 111 111 
111 111 111 
111 111 110 
 
111 111 011 
111 111 011 
111 011 011 
 
100 000 000 
100 000 000 
000 000 000 
 
111 111 011 
111 111 000 
111 111 000 
 
111 111 111 
000 000 100 
000 000 000 
 
110 111 111 
000 110 111 
000 100 111 
 
000 110 111 
000 110 111 
000 110 111 
 
000 000 000 
000 000 111 
000 000 111 
 
000 000 111 
000 000 110 
000 000 000 
 
100 100 110 
100 110 110 
100 110 110 
 
000 011 111 
011 111 111 
111 111 111 
 
110 111 111 
000 100 111 
000 000 100 
 
110 111 111 
110 111 111 
110 111 110 
 
111 110 100 
111 110 100 
110 100 100 
 
000 000 000 
000 000 111 
000 111 111 
 
111 111 011 
111 111 011 
011 011 001 
 
000 000 100 
000 100 100 
100 100 100 
 
001 001 011 
001 001 011 
001 001 111 
 
000 000 000 
001 000 000 
011 001 000 
 
100 100 000 
110 100 000 
110 100 000 
 
000 000 000 
000 000 000 
000 011 111 
 
111 111 111 
011 111 111 
000 000 111 
 
111 111 000 
111 000 000 
000 000 000 
 
111 100 000 
110 100 000 
110 100 000 
 
011 000 000 
011 000 000 
011 001 000 
 
100 100 110 
100 100 110 
000 100 110 
 
000 000 000 
111 111 111 
111 111 111 
 
000 100 110 
000 100 110 
100 110 111 
 
111 111 111 
011 011 111 
001 001 011 
 
000 000 000 
000 000 000 
000 001 001 
 
100 000 000 
111 000 000 
111 111 001 
 
000 000 000 
111 110 110 
111 111 111 
 
111 111 001 
111 111 111 
111 111 111 
 
110 110 100 
110 110 110 
110 110 100 
 
000 000 000 
000 000 000 
110 110 110 
 
111 111 111 
111 111 001 
111 111 001 
 
000 001 111 
000 000 011 
000 000 000 
 
000 001 001 
001 001 011 
001 011 011 
 
000 011 111 
001 111 111 
011 111 111 
 
001 000 000 
001 000 000 
011 001 000 
 
000 100 110 
100 100 110 
100 110 110 
 
111 111 111 
111 111 000 
100 000 000 
 
111 111 000 
111 111 000 
111 001 000 
 
110 110 110 
111 110 110 
111 111 111 
 
111 110 100 
110 110 100 
110 100 100 
 
110 110 111 
111 111 111 
111 111 111 
 
110 100 000 
000 000 000 
000 000 000 
 
111 111 111 
111 111 001 
111 001 000 
 
111 111 000 
111 111 011 
111 111 011 
 
000 000 000 
100 100 100 
110 110 110 
 
111 111 100 
110 100 000 
000 000 000 
 
111 111 111 
011 011 011 
001 001 001 
 
111 111 100 
111 111 000 
111 111 110 
 
000 110 111 
000 111 111 
000 111 111 
 
011 011 011 
011 011 011 
011 001 001 
 
000 000 001 
000 000 001 
000 001 011 
 
000 000 001 
000 001 011 
011 111 111 
 
000 000 001 
000 001 011 
001 001 011 
 
000 000 000 
000 111 111 
111 111 111 
 
111 111 111 
111 111 111 
111 111 000 
 
111 000 000 
111 000 000 
000 000 000 
 
000 100 110 
000 000 110 
000 000 000 
 
000 100 111 
000 000 110 
000 000 000 
 
111 111 111 
111 111 101 
111 110 100 
 
000 000 000 
000 000 000 
001 001 000 
 
100 110 110 
000 100 100 
000 000 100 
 
000 001 001 
001 011 011 
111 111 111 
 
111 110 000 
111 111 111 
111 111 111 
 
111 110 100 
111 110 100 
111 111 100 
 
000 000 000 
001 000 000 
111 000 000 
 
100 100 000 
110 110 100 
110 110 100 
 
000 000 000 
111 000 000 
111 011 000 
 
111 111 111 
111 111 111 
100 110 111 
 
111 111 111 
000 100 110 
000 000 000 
 
111 110 000 
110 000 000 
100 000 000 
 
001 011 111 
000 000 000 
000 000 000 
 
110 110 100 
110 100 000 
100 000 000 
 
000 111 111 
000 110 110 
000 100 110 
 
011 111 111 
000 011 111 
000 000 111 
 
